1200 596
1866 1354
1868 1869
1868 1872
1949 2129
1949 1986
1949 2358
1949 1958
1949 1934
818 928
818 828
818 817
1527 1461
1527 2093
1527 1462
666 997
666 1231
666 2426
812 104
813 740
813 1316
813 1230
813 747
813 2081
813 1846
813 1297
349 2270
349 2417
719 731
719 1316
719 980
719 729
1793 1788
1793 1816
1792 1816
715 175
1492 439
1493 58
1493 1489
1493 949
1493 1650
1493 1497
1494 58
1494 1845
1495 58
1495 1845
1496 1498
1496 2405
1496 534
1496 1497
1497 2345
1497 995
1497 1695
1497 1276
1497 1500
1497 1487
1497 1498
1497 1489
423 424
1069 1133
1069 1068
1069 1131
1069 1072
1068 1487
1068 962
2319 2301
2319 2317
2319 2049
2314 2301
2314 1243
1669 2278
294 258
294 304
1259 1950
1259 661
292 258
293 407
591 593
591 1269
591 588
591 589
590 2091
593 672
595 597
595 703
597 2390
597 703
596 1201
596 1203
596 1202
596 1864
596 703
190 182
190 1568
190 188
190 2075
192 111
19 58
19 1867
272 165
272 273
272 149
503 508
503 747
2362 2261
2362 2084
2380 434
2380 130
1014 1015
1014 999
1014 2148
1015 1127
1016 1437
1016 997
2261 18
2266 2298
2266 619
2266 2391
2265 2251
2265 2250
1234 1187
1234 1238
1234 729
1235 1243
1235 1250
1236 1243
1237 1238
1232 495
1232 870
1232 1228
443 414
443 1850
443 405
442 253
442 441
442 420
441 254
441 253
440 187
440 368
440 935
440 438
440 439
1238 757
1333 1332
1332 1210
1332 1337
1332 1336
1332 1250
1332 2354
104 1645
104 534
104 452
104 248
2046 2045
2046 1996
1848 1850
1848 1846
907 2014
907 935
1842 1850
1847 1836
1846 740
1846 1867
1845 584
1845 1834
2049 2050
2049 2006
1240 1224
1243 1864
1243 2339
645 175
645 644
644 650
438 439
1249 2071
1249 1251
648 649
648 1039
2161 2160
2161 2149
433 420
430 420
431 253
1329 1850
1329 1320
2129 2093
335 149
334 250
334 333
331 2410
331 2006
333 407
333 250
332 1921
332 219
744 743
745 746
745 747
546 572
546 1281
93 2205
93 1822
95 94
95 2391
1991 2108
1991 1994
1990 2077
1992 1994
1997 2244
1997 1998
1997 1435
1997 2001
1998 1435
743 175
559 569
559 578
559 59
559 1091
559 637
559 2082
559 501
558 560
558 562
746 747
234 236
236 2405
236 237
236 219
1439 1436
1439 1480
1439 1440
426 420
2345 2271
2345 2340
2345 1695
2345 1501
2345 2246
2345 2247
2345 58
2344 540
2344 2343
2343 2301
2343 2247
2343 2370
2343 1864
2342 1864
1191 1193
1191 1194
1191 254
2227 2228
1193 1820
1193 2066
2225 2226
2225 2205
2222 1250
2222 2221
1194 1175
1194 1172
2220 540
2220 2205
2221 540
1695 1675
1695 219
1695 1692
1692 219
1693 1502
1693 2395
1693 1982
1199 1637
1175 1142
1175 1263
1175 1184
1175 1172
619 621
619 620
1172 1171
1172 1189
1172 876
1172 1341
1172 111
1172 918
1172 1187
1171 837
1170 540
1170 1260
1170 1180
1275 1378
1276 540
1276 534
1276 1281
1276 1382
149 145
149 285
1880 1875
2088 2089
2088 2091
2088 2087
2088 588
2089 2091
2089 2087
1281 128
1281 131
1281 1041
2228 1220
946 540
2083 2082
942 638
942 1114
942 941
2087 1369
2087 2097
2087 2098
2084 414
2084 1786
2226 2198
1471 1477
1477 209
1477 1478
1474 2293
1474 2196
1190 2162
685 684
685 1606
684 1503
687 686
687 688
686 586
686 652
686 2055
686 589
1577 2153
2224 540
2224 2205
1304 1421
1304 1343
763 1210
1192 2108
1300 1298
1300 1336
459 2067
1225 1227
1225 1460
1225 1220
132 1775
132 47
130 534
498 495
1197 1198
1197 1343
494 2354
495 493
496 1198
496 1021
496 985
138 586
493 377
1830 1814
1830 1831
1830 384
1836 1835
1835 1850
1029 675
2149 2158
2149 2153
407 406
407 412
407 400
406 318
406 2009
2404 2246
404 400
2151 2152
2151 2162
2152 1720
2015 2016
2015 384
1378 1203
1378 53
2016 560
2158 1568
2158 2157
452 253
452 453
935 1487
935 2359
2012 2013
1343 1340
1343 1860
414 570
414 828
2148 1074
455 420
1957 1924
1957 1968
1957 1969
1229 1228
1959 1960
1959 1961
1958 1986
1958 620
1958 1870
825 1415
370 1950
375 2205
375 376
377 540
377 2395
705 318
144 145
144 143
703 241
145 626
145 143
1487 755
1487 1091
143 647
1711 1198
2410 2411
2301 2323
2301 2322
2301 2320
2301 2328
2301 2396
2301 2251
798 771
798 912
1652 1653
1652 1650
1652 1651
1652 1649
1653 1334
1650 58
1651 224
1651 1649
1656 1648
586 1820
582 1290
582 583
583 412
1133 1131
247 128
241 214
249 1924
249 248
1298 1336
1436 1288
1437 1438
1435 1358
1435 1965
1435 2000
1435 369
1435 1938
2271 2247
2270 2247
2278 462
1438 1858
1438 1440
1662 2213
1662 1419
445 253
2379 1853
1008 789
2374 540
2374 2180
2374 1553
2067 560
2067 2068
2067 540
2067 2065
2067 2066
1227 1224
1227 1228
1349 365
621 175
620 698
626 647
1340 1344
1341 1320
1341 2247
1341 1073
1342 1345
453 472
1345 1850
1346 540
1346 250
1877 1850
1877 1872
1874 1872
1875 1873
1872 1850
1872 1869
1872 1878
1873 1850
1873 1816
1870 1354
175 882
175 1559
172 226
2050 2006
974 60
2057 2058
2057 540
979 980
979 978
1502 1503
1503 658
1503 369
1501 1925
1501 1786
186 182
650 869
650 649
652 1202
188 182
188 1568
653 1039
184 1568
1911 1781
1127 1153
1127 1165
16 1921
861 2293
2126 2097
2126 2100
2126 2098
2026 1850
2026 2320
1226 1224
882 881
882 889
1970 1968
1970 1969
1968 1969
1965 2293
1965 1925
1960 2217
1961 665
1962 1963
1963 2297
321 250
326 301
327 420
1224 1091
759 755
205 2066
76 304
1478 369
2239 1860
2239 2217
2333 540
2333 2297
2334 111
1043 980
1043 1096
1043 969
2339 2293
2339 1864
2339 1023
1269 1263
1269 1268
1269 1811
1269 1162
669 1480
669 670
1145 304
1263 1251
1262 1292
1262 540
1262 1260
1262 1324
1262 1264
1260 540
1260 1265
1265 540
1265 1264
1264 1292
2095 2093
2095 2092
2097 2183
2097 2184
2097 2099
2097 2098
2091 2132
2091 1253
2093 1462
2093 2092
2099 2154
2099 2182
2099 2098
693 1648
693 2294
690 312
690 258
542 544
542 545
540 1324
540 1328
540 1183
540 64
540 957
540 545
540 1292
540 364
540 2247
540 363
540 477
540 636
540 1334
540 844
540 539
540 1805
540 1182
540 1604
540 2251
540 2391
540 801
540 538
540 2252
1504 58
1469 1316
544 545
2245 2323
2245 2247
2246 2361
2247 2248
2247 2253
1316 675
1316 878
990 766
990 1637
1786 1787
128 534
1021 985
1787 1785
1824 65
1826 182
1821 1816
1820 2066
1822 1818
1822 1415
2069 2205
2412 2415
2415 2414
2414 2417
412 2417
921 771
2066 1853
1383 1187
312 1850
312 304
310 876
310 877
366 1039
364 363
365 478
365 363
1336 1355
420 425
1331 1480
383 2293
384 2194
384 2326
385 268
385 267
385 386
385 387
386 268
444 254
780 771
1648 256
1648 253
661 1252
1253 1248
1253 1636
405 1395
2293 1396
2294 2434
60 59
258 304
63 65
63 1183
2194 2137
65 64
2197 254
250 2406
1421 1419
2154 2153
2204 2205
2205 2210
2205 2217
2156 1864
2157 2163
2157 2162
2363 1814
2363 478
2363 2354
1210 537
636 638
637 485
637 578
638 639
1355 1354
462 1395
462 2320
2045 2006
1865 1864
1864 789
1864 565
2014 2013
165 1771
165 163
2434 1150
969 1781
969 1039
2162 2163
2108 2107
1100 2107
1100 1150
2101 2100
2107 226
2107 2106
1816 1781
1816 1334
878 483
1819 1850
647 912
649 915
1608 1612
1604 1771
808 771
801 800
807 771
1950 2183
1950 49
1612 1611
766 750
766 1637
218 219
1610 1611
1611 224
2323 2326
2320 1898
2326 2328
2326 2325
2326 2324
285 284
287 560
286 844
1096 980
1096 1091
1096 1092
1092 1156
1092 1093
675 2077
1151 1150
1150 2353
267 2137
267 268
268 268
182 1568
58 1412
53 1203
53 52
52 1203
1051 2353
533 534
533 531
1413 1415
538 301
538 539
1320 1850
1327 1328
981 226
111 229
771 790
771 912
1858 1354
1850 1852
2072 304
429 1440
1257 1183
1252 1251
1250 1251
1251 47
1395 1114
424 2009
2406 1445
2250 563
1632 1633
1633 1637
1635 1636
1637 1382
560 2133
560 562
564 565
564 566
565 566
2183 2181
1188 1189
1184 1185
1185 1183
1180 1169
1181 1169
2352 2353
2352 2350
1164 1165
1164 1168
1164 1163
1204 1203
1168 1169
2000 2001
476 477
